%TITLE%
 JAX   210323/0000 

   LEVEL       HGHT       TEMP       DWPT       WDIR       WSPD
-------------------------------------------------------------------
%RAW%
 1016.00,      9.00,     18.40,     12.40,     90.00,      2.99
 1000.00,    145.00,     17.00,     11.00,     60.00,     13.00
  981.37,    305.00,     15.51,     10.53,     55.00,     18.01
  980.00,    316.88,     15.40,     10.50,  -9999.00,  -9999.00
  946.55,    610.00,     13.28,     10.57,     50.00,     27.00
  933.00,    731.73,     12.40,     10.60,  -9999.00,  -9999.00
  925.00,    804.00,     12.00,     10.20,     55.00,     33.00
  912.94,    914.00,     11.63,     10.48,     55.00,     33.00
  912.00,    922.61,     11.60,     10.50,  -9999.00,  -9999.00
  884.00,   1183.34,     10.80,      8.70,  -9999.00,  -9999.00
  880.23,   1219.00,     10.71,      8.11,     50.00,     27.00
  867.00,   1345.26,     10.40,      6.00,  -9999.00,  -9999.00
  853.00,   1480.73,      9.80,      5.90,  -9999.00,  -9999.00
  850.00,   1510.00,      9.60,      5.30,     55.00,     24.01
  827.00,   1737.61,      9.00,     -1.00,  -9999.00,  -9999.00
  817.89,   1829.00,      8.20,     -0.10,     60.00,     18.01
  800.00,   2011.46,      6.60,      1.70,  -9999.00,  -9999.00
  788.15,   2134.00,      6.24,      0.33,     75.00,     16.01
  787.00,   2145.99,      6.20,      0.20,  -9999.00,  -9999.00
  779.00,   2229.79,      6.00,      1.60,  -9999.00,  -9999.00
  759.45,   2438.00,      5.41,      0.43,     85.00,     15.00
  759.00,   2442.84,      5.40,      0.40,  -9999.00,  -9999.00
  741.00,   2639.17,      5.60,     -5.40,  -9999.00,  -9999.00
  731.60,   2743.00,      4.97,     -9.62,    120.00,      4.99
  700.00,   3102.00,      2.80,    -24.20,    185.00,      2.00
  692.00,   3194.90,      2.60,    -32.40,  -9999.00,  -9999.00
  685.00,   3276.98,      2.20,    -32.80,  -9999.00,  -9999.00
  680.00,   3336.08,      2.00,    -15.00,  -9999.00,  -9999.00
  678.57,   3353.00,      1.89,    -16.54,    215.00,      2.00
  675.00,   3395.56,      1.60,    -20.40,  -9999.00,  -9999.00
  661.00,   3564.00,      0.40,    -16.60,  -9999.00,  -9999.00
  653.31,   3658.00,      1.32,    -37.94,    265.00,      6.99
  651.00,   3686.47,      1.60,    -44.40,  -9999.00,  -9999.00
  642.00,   3798.59,      2.00,    -47.00,  -9999.00,  -9999.00
  605.56,   4267.00,     -0.13,    -46.19,    285.00,     10.00
  593.00,   4435.10,     -0.90,    -45.90,  -9999.00,  -9999.00
  582.72,   4572.00,     -1.95,    -45.82,    305.00,     10.00
  560.44,   4877.00,     -4.28,    -45.64,    305.00,     18.01
  518.48,   5486.00,     -8.93,    -45.27,    285.00,     21.00
  500.00,   5770.00,    -11.10,    -45.10,    295.00,     21.00
  498.62,   5791.00,    -11.28,    -45.13,    295.00,     22.01
  479.04,   6096.00,    -13.85,    -45.56,    285.00,     27.00
  464.00,   6338.73,    -15.90,    -45.90,  -9999.00,  -9999.00
  436.00,   6804.79,    -19.50,    -50.50,  -9999.00,  -9999.00
  420.00,   7081.91,    -21.10,    -40.10,  -9999.00,  -9999.00
  400.00,   7440.00,    -24.50,    -37.50,    295.00,     36.00
  390.16,   7620.00,    -26.14,    -36.58,    300.00,     40.00
  381.00,   7791.55,    -27.70,    -35.70,  -9999.00,  -9999.00
  373.95,   7925.00,    -28.63,    -38.17,    300.00,     45.01
  363.00,   8137.19,    -30.10,    -42.10,  -9999.00,  -9999.00
  348.00,   8435.35,    -32.90,    -41.90,  -9999.00,  -9999.00
  332.00,   8764.44,    -35.10,    -54.10,  -9999.00,  -9999.00
  314.14,   9144.00,    -38.70,    -53.88,    305.00,     42.00
  300.00,   9460.00,    -41.70,    -53.70,    305.00,     40.00
  293.00,   9619.55,    -43.30,    -54.30,  -9999.00,  -9999.00
  261.98,  10363.00,    -49.11,    -61.04,    330.00,     45.01
  260.00,  10413.36,    -49.50,    -61.50,  -9999.00,  -9999.00
  250.08,  10668.00,    -50.10,    -65.07,    315.00,     43.01
  250.00,  10670.00,    -50.10,    -65.10,    310.00,     44.00
  242.00,  10882.66,    -49.50,    -67.50,  -9999.00,  -9999.00
  223.00,  11413.71,    -53.10,    -69.10,  -9999.00,  -9999.00
  221.00,  11471.67,    -53.27,    -69.27,    310.00,     72.01
  217.24,  11582.00,    -53.59,    -69.59,    310.00,     72.01
  216.00,  11618.89,    -53.70,    -69.70,    310.00,     66.01
  211.00,  11769.63,    -52.90,    -69.90,  -9999.00,  -9999.00
  210.00,  11800.40,    -50.90,    -70.90,  -9999.00,  -9999.00
  207.23,  11887.00,    -49.43,    -74.96,    290.00,     50.99
  207.00,  11894.36,    -49.30,    -75.30,  -9999.00,  -9999.00
  200.00,  12120.00,    -48.90,    -82.90,    275.00,     58.00
  193.00,  12354.55,    -48.30,    -82.30,  -9999.00,  -9999.00
  188.81,  12497.00,    -49.20,    -82.95,    275.00,     66.01
  162.00,  13490.34,    -55.50,    -87.50,  -9999.00,  -9999.00
  156.36,  13716.00,    -56.06,    -88.06,    275.00,     46.00
  152.00,  13895.99,    -56.50,    -88.50,  -9999.00,  -9999.00
  150.00,  13980.00,    -57.10,    -89.10,    270.00,     52.00
  149.02,  14021.00,    -57.37,    -89.08,    265.00,     54.99
  141.95,  14326.00,    -59.34,    -88.94,    275.00,     60.01
  140.00,  14412.56,    -59.90,    -88.90,  -9999.00,  -9999.00
  131.00,  14825.64,    -60.70,    -89.70,  -9999.00,  -9999.00
  125.00,  15115.20,    -62.70,    -90.70,  -9999.00,  -9999.00
  122.48,  15240.00,    -62.97,    -90.97,    275.00,     48.00
  116.00,  15573.43,    -63.70,    -91.70,  -9999.00,  -9999.00
  110.00,  15896.94,    -65.50,    -92.50,  -9999.00,  -9999.00
  100.00,  16470.00,    -69.10,    -94.10,    275.00,     36.00
   95.14,  16764.00,    -70.18,    -94.28,    275.00,     24.01
   90.35,  17069.00,    -71.29,    -94.47,    260.00,     27.99
   80.10,  17780.39,    -73.90,    -94.90,    270.00,     21.00
   77.38,  17983.00,    -73.38,    -94.01,    250.00,     23.00
   73.45,  18288.00,    -72.59,    -92.66,    255.00,     13.00
   73.00,  18323.90,    -72.50,    -92.50,  -9999.00,  -9999.00
   70.00,  18570.00,    -73.30,    -92.30,    240.00,     10.99
   69.72,  18593.00,    -73.42,    -92.42,    245.00,     12.00
   66.80,  18843.30,    -74.70,    -93.70,  -9999.00,  -9999.00
   66.18,  18898.00,    -74.13,    -93.13,    210.00,     15.00
   63.40,  19149.80,    -71.50,    -90.50,  -9999.00,  -9999.00
   62.84,  19202.00,    -71.62,    -90.62,    245.00,     20.01
   56.10,  19870.38,    -73.10,    -92.10,  -9999.00,  -9999.00
   53.82,  20117.00,    -69.57,    -89.98,     85.00,      0.99
   52.90,  20219.29,    -68.10,    -89.10,  -9999.00,  -9999.00
   50.00,  20560.00,    -66.10,    -89.10,    245.00,      4.99
   49.20,  20657.77,    -66.10,    -90.10,  -9999.00,  -9999.00
   47.80,  20833.69,    -63.90,    -89.90,  -9999.00,  -9999.00
   44.05,  21336.00,    -63.13,    -91.33,    115.00,      6.99
   41.92,  21641.00,    -62.66,    -92.20,    140.00,     12.00
   41.20,  21746.99,    -62.50,    -92.50,  -9999.00,  -9999.00
   40.50,  21853.27,    -60.10,    -91.10,  -9999.00,  -9999.00
   38.00,  22250.00,    -60.87,    -91.87,    200.00,     10.99
   37.90,  22266.35,    -60.90,    -91.90,  -9999.00,  -9999.00
   36.20,  22555.00,    -57.81,    -89.55,    245.00,     21.00
   35.60,  22659.22,    -56.70,    -88.70,  -9999.00,  -9999.00
   34.49,  22860.00,    -57.15,    -89.15,    255.00,     12.00
   32.70,  23196.18,    -57.90,    -89.90,  -9999.00,  -9999.00
   31.31,  23470.00,    -57.60,    -89.60,    260.00,     14.01
   30.00,  23740.00,    -57.30,    -89.30,    260.00,     17.00
   29.84,  23774.00,    -57.26,    -89.26,    260.00,     17.00
   28.44,  24079.00,    -56.95,    -88.95,    290.00,     18.01
   27.40,  24314.71,    -56.70,    -88.70,  -9999.00,  -9999.00
   27.10,  24384.00,    -56.21,    -88.46,    270.00,     19.00
   26.20,  24600.33,    -54.70,    -87.70,  -9999.00,  -9999.00
   25.84,  24689.00,    -54.71,    -87.65,    300.00,     14.01
   24.64,  24994.00,    -54.75,    -87.48,    295.00,     10.99
   23.50,  25298.00,    -54.80,    -87.31,    275.00,     19.00
   22.40,  25603.00,    -54.84,    -87.15,    275.00,     29.00
   20.90,  26047.72,    -54.90,    -86.90,  -9999.00,  -9999.00
   20.37,  26213.00,    -54.43,    -87.02,    265.00,     25.00
   20.00,  26330.00,    -54.10,    -87.10,    270.00,     24.01
   19.42,  26518.00,    -54.10,    -87.10,    280.00,     25.00
   19.00,  26658.61,    -54.10,    -87.10,  -9999.00,  -9999.00
   18.52,  26822.00,    -53.29,    -86.56,    260.00,     27.00
   17.30,  27263.21,    -51.10,    -85.10,  -9999.00,  -9999.00
   16.85,  27432.00,    -51.37,    -85.14,    270.00,     29.00
   16.08,  27737.00,    -51.85,    -85.23,    285.00,     35.00
   15.40,  28016.71,    -52.30,    -85.30,  -9999.00,  -9999.00
   14.65,  28346.00,    -50.38,    -83.90,    270.00,     33.00
   13.98,  28651.00,    -48.59,    -82.59,    265.00,     40.00
   12.70,  29282.68,    -44.90,    -79.90,  -9999.00,  -9999.00
   12.00,  29660.00,    -46.30,    -81.30,  -9999.00,  -9999.00
   11.63,  29870.00,    -46.30,    -81.30,    285.00,     62.01
   10.60,  30480.00,    -46.30,    -81.30,    275.00,     65.00
   10.30,  30673.54,    -46.30,    -81.30,  -9999.00,  -9999.00
   10.00,  30870.00,    -45.50,    -80.50,    285.00,     67.00
    9.90,  30937.06,    -44.90,    -79.90,  -9999.00,  -9999.00
    9.50,  31214.80,    -41.30,    -78.30,  -9999.00,  -9999.00
    9.25,  31394.00,    -41.54,    -78.14,    270.00,     75.99
    8.90,  31657.02,    -41.90,    -77.90,  -9999.00,  -9999.00
%END%

----- Parcel Information-----
*** 100mb MIXED LAYER PARCEL ***
LPL:  P=1016  T=66F  Td=53F
MLCAPE:                 0 J/kg
MLCINH:                 0 J/kg
MLLI:                   8 C
MLLI(300mb):            8 C
3km MLCAPE:             0 J/kg
NCAPE:             0.00 m/s2

MLLCL:       910mb        929m
MLLFC:     -9999mb      -9999m
MLEL:        910mb        929m
MLMPL:       910mb        929m
All heights AGL

*** MU PARCEL IN LOWEST 400mb ***
LPL:  P=912  T=53F  Td=51F
MUCAPE:                 0 J/kg
MUCINH:                 0 J/kg
MULI:                   6 C
MULI(300mb):            6 C
3km MUCAPE:             0 J/kg
NCAPE:             0.00 m/s2

MULCL:       897mb       1053m
MULFC:     -9999mb      -9999m
MUEL:        897mb       1053m
MUMPL:       897mb       1053m
All heights AGL

*** SFC PARCEL ***
LPL:  P=1016  T=65F  Td=54F
SBCAPE:                 0 J/kg
SBCINH:                 0 J/kg
SBLI:                   7 C
SBLI(300mb):            7 C
3km SBCAPE:             0 J/kg
NCAPE:             0.00 m/s2

SBLCL:       929mb        760m
SBLFC:     -9999mb      -9999m
SBEL:        929mb        760m
SBMPL:       929mb        760m
All heights AGL

----- Misc Thermodynamic Parameters -----
Melting Level:    13868.7
Conv Temp:    24.9
WBZ height:    	  8743.1
DCAPE:        556.0

----- Moisture -----
Precip Water:    0.83 in
0-1 km mean W:          8.5 g/Kg
0-3 km mean W:          6.1 g/Kg
SFC-850 mb mean W:      8.1 g/Kg

500 mb W:          0.1 g/Kg
700 mb W:          0.8 g/Kg
850 mb W:          6.6 g/Kg
925 mb W:          8.5 g/Kg
SFC RH:	     68 %

-----Delta T and  Lapse Rates -----
700-500mb   14 C      5.2 C/km
850-500mb   21 C      4.9 C/km
0-3 km      15 C      5.0 C/km
3-6 km      17 C      5.5 C/km

----- Vertical Shear -----
0-1 km BWD   29 kt
0-3 km BWD   3 kt
0-6 km BWD   28 kt
0-6 km mean wind    10.1 kt

----- Storm_Relative Winds/Shear -----
Bunkers storm motion    21/22 kt
0-1 km SRH   -91 ms/s2
0-3 km SRH   54 ms/s2

----- Effective Inflow Layer Parameters -----
Effective inflow base    0 m AGL
Effective inflow top     0 m AGL
Effective SRH   -9999 ms/s2
Effective BWD    -16 kt

----- Composite Parameters -----
Effective-layer SCP   0.0
Effective-layer STP   0.0
Fixed-layer STP       0.0
SHIP                  0.0

----- Fire Weather -----
Fosberg Index         5
